-13-

6525 23525 24525 26525 45 31525 45 82545 88525 36525 45 85 39525
51525 45 52545 55545 61525 62525 655105 66545 6835 76525 77585
85545 94525 95565 97525 17 85105 10585 18565 19565 27525 29525
31525 32525 405105 52525 54545 58525 71525 76525 78545 85 V 5545
105125 15545 16565 17525 195125 2154525525 8854540525 4652550585
55545 61525 64545 65585 79525 71752518585 34585 41525 45545 47545
56545 59585 68545 65545 65 68545 73565 81545 83525 98545 7Π2585
6585 9525 12525 275105 30585 32545 105 83545 35585 43525 46525 47525
49525 50565 51525 54565 62565 65525 66525 69545 745105 80565 105
83525 88585 99525 VIII 7525 14585 15565 24565 26565 285105 82545
86585 89525 43525 45 53565 85 55565 225 67525 68525 78545 105 755125
82565 IX 8545 12545 15525 21545 225145 24545 29545 36545· 87585
105 48545 485105 51525 85 53545 58525 59525 65525 66545 685105 72545
78525 74545 76545 85 7835 79545 65 89525 975 25 85 105 100525
1015165 1035 45 65 Χ 2545 85 45125 10545 125105 185105 16525 17 545
18525 36585 375145 41525 48525 65 53525 58545 105 59525 70585 71545
78565 77525 81545 965145 1035105 XI 16585 285105 145 2852541565
455 45 495125 Ι565105 165 57545 60565 70545 65 71585 76545 78525
87525 92525 104585 205 225 1085 45 XII 3545 65125 11565 14565
19525 285145 295165 31585 40525 42525 44585 48525 85 105 50545 65
5 52545 62525 125 705105 78525 96525 XIII 1545 5525 18525 28525 52525
56525 90525 96525 114525 119525 125525 127525 XIV 11525 18525
51525 58525 75525 79525 85525 95525 103525 110525 112525 137525
174525 195525 202525 208525 22352. Sed verene huius formae vitiosi
eunt si aliam poet primum trochaeum distinctionem exhibent, quod
his in exemplis invenit Sp. 1. 18565 21545 27585 114,4; 24525 11
7565 11139525 IV 71525 721545 7156545 63545 711 88585 7111
735105 IX 58545 XI 16585 XII 8545 11565 52545 XIV 7552.

Denique exstat caesura poet primum trochaeum ut desint semi-
ternaria et 55555515 trochaica, velut:

ussit amatorem 5515555 inte Jovem (XIV 20852).

Omnia exempla haee euntt Sp. l. 15,4; 18525 29525 1 555145
60545 705185 78545 85525 1015105 II 14545 18545 28545 III 6254 5
1711585 19545 25545 45525 60525 66545715 45 65 55 85 1152519545 a

 

