ιιιιι ι ιι ιιι ιι ι ιι ιιι ιιι ιιι ιιιιι ιιιιΞιιιι ιιι ιιιιιιιι ''effi‘'

A 116 72 34109 96 75 86 71 47148 88136 2 13 1093 52580

Ι(1121-11211 ----- 100548

Β 83 51 22 78 83 66 75 46 44 85 50 99- 4 786 37597

D ιιιιιιιιιιιιιιιιι-- ιιι ιιι
ιιι-ιιιιιιιιι4-ι ιι ιιι
ι5ιι
ι5ιι
Η ι--ιι--ιιιιι-- 281535
1---22-1--111-- 8 m
0,05
ι,ιι

&lm 212135 64211198160172127101247157266 2 18 2070 100500

Praebent formam C versus hi: 1109575 Π375115 86555 ΠΙ 2595
756535 71 705145 711 17515 125 VIII 52555 IX 62535 formam D
versus hit I 1,4; 41535 75 72575 II 6555 95 41575 48515 25 68575
70535 111 2,5; 12535 44535 53525 35 67525 55 17 23535 28525 305165
89585 43515 45 105 46555 75 115 175 55545 125 235 86525 89575 V
2515 65145 24535 39545 75 49525 56555 95 73535 80555 84525 VI 17545
19575 22515 45 28515 42525 55 245 49545 55515 45 55 70565 105125
82535 7Π 55555 60515 67575 72575 76565 95555 65 7111 38515 55, 645145
665135 79525 ΙΧ 9525 40515 85 57545 Χ 9515 72565 76525 835105 102515
XI 185115 175 315135 35535 40545 51535 63515 55 75535 75 XII 8555
·16515 25 35 18525 75 115 34565 36585 115 43595 49585 75515 77525
10583515 93515 formam E versus hi: 152585 1095225 235 ΙΙ 37535
445115 IV 555165 645335 V 245105 60555 71 66575 711 39535 VIII
16545 72555 79555 IX 19535 42515 62545 905165 Χ 47535 76565 83585 .
102535 XI 185155 195 35545 88545 XII 22515 24515 365125 595105

 

