...22-

32,1; 57 555 XII 74505 86515 XIII 39515 XIV 32515 55515 83515 163515
21051)5 semel tribrachIcum elisa vocali (XI 70511).

Contra in quarta arsi 326 monosyllaba, id est 9586 ⁰s0 exstant,
quorum ducenta duodequinquaginta alteris eiusdem generis voca·
bulis succedunt (Sp. l. 25115 3515 6515 65535 8515 11515 28535 I
5,1; 25575 30515 34535 36515 55 37515 40515 46515 47515 48555
51535 55515 58535 60535 70515 765115 79515 103555 118515 ΙΙ 1535
75 5555 8555 10515 14535 24575 28515 35 36515 35 55 43515 47535
64515 95 72575 79515 90595 93515 III 5575 13515 16555 26555 33515
38515 115 43535 60515 635115 135 70515 76535 81555 95535 lV 12515
15535 16575 20515 31535 75 425155 45555 49515 56575 73555 88555 V
13595 19555 75 22505 25515 27535 31575 38555 59515 VI 7515 35 13555
18535 25555 27515 40535 47555 5753558515 63515 65555 77515 95 81535
85575 89535 93515 55 VII 651535951059511513512595 18515 24515
28555 95 30575 32575 33515 38535 42515 43515 44535 46515 51515 54515
35 62555 69555 73555 75515 80515 87595 88555 75 92515 VIII 1535
3515 35 11515 75 17535 32555 63515 67595 68575 75555 IX 2515 3555
18535 24535 31595 39515 49595 595215 65555 135 70555 82535 84595
93535 94535 97575 05 99575 1015155 Χ 2555 105115 13515 55 15595
18555 23555 31555 36555 375115 44555 75 61535 63515 66515 55 68515
94555 96555 XI 85115 20555 22535 55 23575 115 155 275135 29535
33535 34515 39575 45555 49515 53515 55515 565115 60595 6551568515
79535 81535 55 87515 94535 102515 35 75 XII 2555 3535 55 65115 11555
17515 95 21515 23515 29555 95 35535 44575 50575 525115 74535 98575
XIII 1575 2575 34515 37515 7951592515 120515 122515 XIV 1575 2535

19515 22515 59515 121515 126515 136515 154515 171515 179515 197515 ,

198515 2015155 septuaginta trIa verbis pyrrichiaeis (Sp. l. 295115
Ι 2555 18555 23515 62535 68515 74515 85575 II 3575 77575 81515 ΙΙΙ
5515 52535 62535 69535 70535 85535 IV 7555 42535 56535 67575 76515
82555 V 1595 15515 165135 46515 50515 63535 6557582535 VI 51515
59515 65535 76535 79515 85515 VII 29575 73515 8151590515 99575
VIII 6515 9535 29515 36535 59535 IX 36575 41535 61515 6757570595
Χ 21535 375155 195 56515 58575 ΧΙ 16515 29555 55555 57535 76515 35 .

91,1; 96,1; 1045175 XII 295155 58515 66515 ΧΙΙΙ2595 25515 65515 119515
XIV 2515 7515 153515 20851) unum trochaico elisa vocali(1115‚9).

 

