„15-

Sp. l. XV 15 Ι 2515 3575 115 4575 12575 18535 75 28515 435135
56515 63515 70555 155 75515 108555 116535 II 435115 46555 53535
50535 62515 35 67515 69515 77515 84515 III 5535 10515 13535 19575
24535 33535 36595 65555 78515 83515 90515 91555 99535 IV 1535 3535
75 16515 19555 22575 27515 88515 45575 53535 73575 75535 80515 82575
V 9535 13515 35 17515 195135 25555 27515 30575 31555 47515 48535
53535 58535 64515 655115 68515 VI 2555 10535 13575 25575 29555·
31515 38555 49595 51535 56535 61515 65515 69515 75515 35 77555 75
83575 86515 7118515 14555 19515 23515 35 25575 33535 36515 37575
42535 47555 50515 51555 54555 75 56535 69555 74515 75 91515 92575
96555 VIII 35215 6535 8515 35 12535 14535 15535 18595 21575 115
285135 30555 95 43535 45555 46535 50575 255 53595 555215 65555 78515
75 80555 82555 75 IX ep. 75 25115 7535 8535 12575 17515 20555 75
22515 75 23555 37595 50515 53515 54555 56555 7558515 59515 61595
215 64535 75 65595 685115 69515 71515 94515 1015135 Χ25115 45115
6515 10575 25535 27515 28515 37535 135 42515 48595 175 215 235 51535
64515 68595 69515 70595 75535 79515 55 85575 89515 55 96575 115
103.15 XI 4575 7555 14515 165 95 20575 22575 95 27515 32575 42535
48535 49595 54555 60555 75 69595 86535 94575 1045115 XII 2535 75
3515 6555 75 95 11515 14555 75 21535 38555 52535 54515 60555 75 135
62515 55 68555 70595 825115 84515 35 98535 XIII 2515 51515 52515

’ 88515 81515 8815 88515 88515 xm 1515 11515 8815 41515 85515
107515 131515 139515 160515 170515 205515 22051.

Deinde habes semiseptenarIam addita semiquinarIa. Hane for-
mam, de qua supra disserui, exhibent hi versus: I 79535 II 14,5;
18535 31515 69555 III 48515 49515 71515 95535 IV 11575 13595 35535
63535 V 1555 38595 VI 63555 VII 13535 VIII 43515 IX a,1; 17575
21515 46515 55555 100535 Χ 8515· 21555 33575 58575 XI 5595 78535
97515 1045215 XIII 71515 124515 XIV 115515 165515 174515 21351.

Postea occurrit semiseptenaria 811111 semiternaria et semIquinaria
8881811818.

Exemplum est tale:

maiores nusquam rhonchi: iuvenesque senesque (13, 5).

Reliqua exempla haee 8111111881. 20515 Ι 92511511 50515 59515

 

